90 20 15 26 16 21 15 20 19 25
108 22 21 27 16 21 16 20 20 28
138 24 28 28 17 21 18 21 21 31
169 26 34 30 17 22 19 21 22 34
210 28 41 31 18 22 21 22 23 37
264 30 47 33 19 23 23 22 24 40
331 32 54 35 19 24 24 23 25 43
412 34 60 38 20 26 26 24 26 46
503 36 67 40 21 27 28 25 27 49
609 38 73 43 22 29 30 26 28 52
735 40 80 46 23 31 32 27 30 55
882 42 86 49 25 33 35 28 31 58
1048 44 93 51 26 34 37 30 33 61
1236 46 99 54 27 36 39 31 34 64
1456 48 106 57 29 38 42 32 36 67
1699 50 112 60 31 40 45 33 37 70
1984 52 119 64 33 43 48 35 39 73
2300 54 125 68 36 46 52 36 40 76
2662 56 132 71 38 48 55 37 42 79
3069 58 138 75 41 51 59 38 43 82
3531 60 145 80 44 55 63 39 45 85
4053 62 151 84 48 58 68 41 47 88
4642 64 158 89 51 62 72 43 49 91
5310 66 164 94 55 66 77 45 51 94
6056 68 171 98 59 69 82 47 53 97
6907 70 177 103 63 73 87 49 55 100
7845 72 184 107 68 76 93 52 57 103
8913 74 190 112 72 80 98 55 59 106
10108 76 197 117 76 84 103 58 61 109
11452 78 203 122 81 88 109 62 63 112