60 40 30 22 18 20 9 12 22 27
74 43 34 23 19 22 10 12 22 29
97 47 39 25 20 24 12 13 23 32
126 50 43 26 21 26 13 13 23 34
160 54 48 27 22 28 15 14 24 37
202 57 52 29 24 31 16 14 24 39
250 61 57 30 25 33 18 15 25 42
313 64 61 32 26 36 19 15 25 44
382 68 66 34 28 38 21 16 26 47
458 71 70 36 29 41 22 16 27 49
547 75 75 39 31 44 24 17 28 52
651 78 79 42 32 47 26 18 29 54
777 82 84 45 33 50 28 19 30 57
917 85 88 48 35 53 30 20 31 59
1074 89 93 50 37 56 32 21 33 62
1254 92 97 53 39 59 35 22 34 64
1464 96 102 56 41 62 37 24 36 67
1700 99 106 60 43 65 40 25 37 69
1968 103 111 63 45 69 42 27 39 72
2273 106 115 67 48 72 45 28 41 74
2620 110 120 71 50 76 48 30 43 77
3007 113 124 75 52 79 51 31 45 79
3446 117 129 79 54 82 54 33 47 82
3944 120 133 84 57 86 57 35 49 84
4502 124 138 88 59 90 60 37 52 87
5129 127 142 92 62 94 64 40 56 89
5838 131 147 96 65 98 68 43 59 92
6633 134 151 101 69 102 72 47 62 94
7522 138 156 106 73 107 76 51 65 97
8524 141 160 114 77 112 81 55 69 99