75 50 25 19 13 25 16 15 22 18
89 56 28 20 13 27 17 16 23 20
110 62 32 21 14 29 18 17 25 21
135 68 35 22 14 32 20 18 26 23
170 74 39 23 15 34 21 19 28 24
210 80 42 24 16 37 23 20 29 26
253 86 46 26 16 40 25 21 31 27
304 92 49 27 17 44 28 22 32 29
363 98 53 29 18 47 30 23 34 30
432 104 56 30 19 51 33 24 36 32
513 110 60 32 20 55 36 25 38 33
611 116 63 33 22 59 39 26 40 35
721 122 67 35 23 62 41 27 42 36
845 128 70 37 24 66 44 28 44 38
986 134 74 39 26 70 47 29 47 39
1148 140 77 41 28 74 50 30 49 41
1335 146 81 43 30 79 54 31 52 42
1549 152 84 45 33 84 58 32 54 44
1788 158 88 48 35 88 61 33 57 45
2059 164 91 50 38 93 65 34 60 47
2366 170 95 53 41 99 70 35 63 48
2713 176 98 55 45 104 74 36 66 50
3106 182 102 58 48 110 79 37 69 51
3551 188 105 60 52 116 84 38 72 53
4045 194 109 63 56 121 88 39 76 54
4605 200 112 66 60 127 93 40 81 56
5238 206 116 69 65 132 97 41 85 57
5946 212 119 73 69 138 102 42 89 59
6743 218 123 77 73 144 107 43 93 60
7639 224 126 81 78 150 112 44 98 62