
1-1
城區閒逛1
無
1
畢查爾
在晴準備好兩周的任務前，剛來到諾爾的畢查爾決定到處逛逛並補充彈藥。
@
n n
敵全滅
任一主角死亡
5
1 1 -2
1 2 -2
1 3 -2
5 1 7
5 3 7
16
2
201 1
901 1
#
1-2
香菇平原
火
2
畢查爾
暫時逗留在諾爾地區的畢查爾，協助身為東城區領主的晴清除領地內的魔獸。
@
n n
敵全滅
任一主角死亡
7
1 1 -2
1 2 -2
1 3 -2
3 2 -1
4 0 8
6 2 8
4 4 8
24
0
#
1-3
香菇王
火
2
畢查爾
@
y n
敵全滅
任一主角死亡
11
0 2 -2
1 1 -2
1 2 -2
0 0 -1
0 4 -1
1 4 -1
2 4 -1
6 0 -1
4 1 8
4 3 8
6 2 9
40
2
401 1
801 2
#
1-4
撤離
無
3
畢查爾
@
y y
生存10回合
任一主角死亡
8
0 3 -2
1 2 -2
2 1 -2
0 0 -1
1 4 -1
3 0 -1
5 4 -1
4 2 10
40
0
#
1-5
刺
火
3
畢查爾 晴
@
y y
敵全滅
任一主角死亡
17
0 0 -2
0 4 -2
1 0 -2
1 4 -2
0 1 -1
0 2 -1
2 0 -1
2 1 -1
3 1 -1
4 0 -1
4 4 -1
5 2 -1
6 0 -1
6 1 -1
6 3 -1
3 3 11
4 2 12
70
1
2 1
#
1-6
回歸
無
1
畢查爾
@
y y
敵全滅
任一主角死亡
14
2 2 -2
0 0 -1
0 1 -1
0 3 -1
0 4 -1
1 0 -1
1 4 -1
5 0 -1
5 4 -1
6 0 -1
6 1 -1
6 3 -1
6 4 -1
4 2 13
90
0
#
1-7
城區閒逛2
地
1
畢查爾
在東城區路上閒逛的畢查爾無意間踢到了擺在地上的水桶。
「啊，還好沒有噴到別人」畢查爾心裡想著...
@
n n
敵全滅
任一主角死亡
17
0 1 -2
0 2 -2
0 3 -2
1 1 -2
1 2 -2
1 3 -2
0 0 -1
0 4 -1
1 4 -1
2 4 -1
3 4 -1
4 4 -1
5 4 -1
6 4 -1
3 0 -1
6 0 -1
5 2 14
70
0
#
1-8
城區閒逛3
火
2
畢查爾
@
y n
敵全滅
任一主角死亡
16
2 1 -2
2 2 -2
2 3 -2
3 1 -2
3 2 -2
3 3 -2
0 0 -1
1 0 -1
1 4 -1
2 0 -1
3 0 -1
4 0 -1
4 4 -1
5 0 -1
6 0 -1
4 3 14
80
0
#
1-9
音菲瑟波
無
2
畢查爾
@
y y
敵全滅
任一主角死亡
15
1 1 -2
1 3 -2
2 0 -2
2 2 -2
0 0 -1
0 1 -1
0 2 -1
0 3 -1
0 4 -1
6 0 -1
6 1 -1
6 2 -1
6 3 -1
6 4 -1
5 2 15
95
1
902 1
#
1-10
城區閒逛4
無
2
畢查爾
@
y y
敵全滅
任一主角死亡
5
0 2 -2
1 2 -2
2 2 -2
4 0 17
6 2 17
80
1
501 1
#
1-11
易氏老者
無
1
畢查爾
@
y n
敵全滅
任一主角死亡
14
2 2 -2
0 0 -1
0 1 -1
0 3 -1
0 4 -1
1 0 -1
1 4 -1
5 0 -1
5 4 -1
6 0 -1
6 1 -1
6 3 -1
6 4 -1
4 2 18
105
1
921 1
